,sensitivity,specificity,dice,accuracy,loss
0003001.jpg,0.9514042139053345,0.990882933139801,0.9750970005989075,0.9922637939453125,0.13149887323379517
0007004.jpg,0.9467841386795044,0.9918795824050903,0.9726647734642029,0.9929046630859375,0.13072019815444946
0005308.jpg,0.9589632749557495,0.9988080263137817,0.9790518283843994,0.99884033203125,0.10925529152154922
0004374.jpg,0.96600341796875,0.9947580695152283,0.9827077388763428,0.9954376220703125,0.12345477938652039
0008091.jpg,0.9527229070663452,0.9960994124412537,0.9757891297340393,0.9963836669921875,0.11937575042247772
0005523.jpg,0.971921443939209,0.9974601864814758,0.9857608079910278,0.9976654052734375,0.11746089160442352
0005961.jpg,0.9273169636726379,0.9908303618431091,0.962287962436676,0.991790771484375,0.12905043363571167
0004068.jpg,0.9658440351486206,0.996823787689209,0.9826253056526184,0.9970855712890625,0.11781270802021027
0009691.jpg,0.6479735970497131,0.988357424736023,0.7863883376121521,0.9886016845703125,0.13550272583961487
0010282.jpg,0.9309538006782532,0.9962151646614075,0.9642423987388611,0.99639892578125,0.11454588919878006
0004694.jpg,0.9431666135787964,0.9927329421043396,0.9707521796226501,0.9935150146484375,0.12529174983501434
0004918.jpg,0.9492192268371582,0.9923425912857056,0.9739481210708618,0.9933013916015625,0.12512075901031494
0011861.jpg,0.9674027562141418,0.9969007968902588,0.983431339263916,0.997161865234375,0.11910015344619751
0003878.jpg,0.9683325290679932,0.9967820048332214,0.9839115142822266,0.9970703125,0.11722255498170853
0008712.jpg,0.9406392574310303,0.9966580867767334,0.9694117903709412,0.996826171875,0.1148839220404625
0001030.jpg,0.9361125826835632,0.9866666793823242,0.9670022130012512,0.9888458251953125,0.14413465559482574
0008648.jpg,0.933636486530304,0.9906798601150513,0.965679407119751,0.99176025390625,0.13388198614120483
0007920.jpg,0.9547684788703918,0.9965280890464783,0.9768609404563904,0.99676513671875,0.11841192096471786
0009164.jpg,0.9641973972320557,0.9946991205215454,0.9817724227905273,0.995361328125,0.12270668894052505
0006772.jpg,0.9677102565765381,0.9960779547691345,0.9835901856422424,0.996490478515625,0.11938551068305969
0010854.jpg,0.9190283417701721,0.9971650242805481,0.9578059315681458,0.99725341796875,0.11208462715148926
0002222.jpg,0.947756290435791,0.9946609735488892,0.9731774926185608,0.9951324462890625,0.12162730097770691
0006410.jpg,0.967928946018219,0.9970595240592957,0.9837031364440918,0.9972991943359375,0.11577536165714264
0004596.jpg,0.9579227566719055,0.9954723119735718,0.978509247303009,0.9958953857421875,0.118531733751297
0010689.jpg,0.7929720282554626,0.970481812953949,0.8845336437225342,0.973480224609375,0.1633855700492859
0004141.jpg,0.9712725877761841,0.9961938261985779,0.9854269623756409,0.9966278076171875,0.12093348801136017
0006747.jpg,0.8312010169029236,0.9867008924484253,0.9078205823898315,0.987518310546875,0.1336892694234848
0006994.jpg,0.7811154127120972,0.9651172757148743,0.8771081566810608,0.9689788818359375,0.18526136875152588
0001406.jpg,0.9397303462028503,0.9936253428459167,0.968928873538971,0.99420166015625,0.12442604452371597
0005855.jpg,0.9486356377601624,0.9963517189025879,0.9736408591270447,0.99658203125,0.11678651720285416
0000942.jpg,0.9340584874153137,0.9935376644134521,0.9659050703048706,0.99407958984375,0.12399719655513763
0011511.jpg,0.9465649127960205,0.9976641535758972,0.9725490212440491,0.9977569580078125,0.1142910048365593
0003563.jpg,0.9763830900192261,0.9982315897941589,0.9880504608154297,0.99835205078125,0.11449957638978958
0002621.jpg,0.9335094690322876,0.9976189136505127,0.965611457824707,0.9976959228515625,0.11084149777889252
0008942.jpg,0.9521805644035339,0.9980173707008362,0.9755045771598816,0.9980926513671875,0.11094613373279572
0007069.jpg,0.9247389435768127,0.9966808557510376,0.9608980417251587,0.9968109130859375,0.11621875315904617
0001563.jpg,0.8997905850410461,0.9946423768997192,0.9472523927688599,0.9948883056640625,0.11766356229782104
0006575.jpg,0.9228395223617554,0.9964197874069214,0.9598715901374817,0.9965667724609375,0.11456814408302307
0011605.jpg,0.9725925922393799,0.9981979727745056,0.9861059188842773,0.9983062744140625,0.11426520347595215
0004850.jpg,0.9491684436798096,0.9935168027877808,0.9739214181900024,0.9942169189453125,0.1246333122253418
0011948.jpg,0.7115264534950256,0.9853601455688477,0.831452488899231,0.985870361328125,0.14598092436790466
0003669.jpg,0.9671424031257629,0.9984191060066223,0.9832967519760132,0.9984893798828125,0.1115032210946083
0007605.jpg,0.9282774925231934,0.9960883855819702,0.9628048539161682,0.99627685546875,0.11653998494148254
0004209.jpg,0.9603073000907898,0.9964004755020142,0.9797518253326416,0.9966888427734375,0.11697506159543991
0005834.jpg,0.9515296816825867,0.9956437349319458,0.975162923336029,0.9959869384765625,0.11877034604549408
0000218.jpg,0.9582770466804504,0.9958739280700684,0.9786940217018127,0.9962310791015625,0.11993128806352615
0000111.jpg,0.8980146050453186,0.9920312166213989,0.9462673664093018,0.9925537109375,0.12664225697517395
0004996.jpg,0.9798115491867065,0.9985286593437195,0.9898028373718262,0.998626708984375,0.11354293674230576
0011735.jpg,0.6212538480758667,0.9597058892250061,0.766386866569519,0.9622039794921875,0.19048325717449188
0010696.jpg,0.7607449889183044,0.9629730582237244,0.8641171455383301,0.9668731689453125,0.22279474139213562
0001343.jpg,0.9641099572181702,0.9957876205444336,0.9817270636558533,0.9962158203125,0.12271682173013687
0007889.jpg,0.9704236388206482,0.998206615447998,0.9849898815155029,0.9983062744140625,0.11510293185710907
0007897.jpg,0.9403544068336487,0.9961307048797607,0.9692604541778564,0.9963531494140625,0.1175926923751831
0002507.jpg,0.945965588092804,0.9922741055488586,0.9722325801849365,0.993194580078125,0.12936601042747498
0004243.jpg,0.9685746431350708,0.9977132081985474,0.9840365052223206,0.99786376953125,0.1142321303486824
0002739.jpg,0.9710678458213806,0.9972499012947083,0.985321581363678,0.9974822998046875,0.11736448109149933
0000188.jpg,0.9373430609703064,0.9909180998802185,0.9676583409309387,0.99200439453125,0.13189780712127686
0000314.jpg,0.9533250331878662,0.9949687719345093,0.9761048555374146,0.9954376220703125,0.12269207090139389
0002113.jpg,0.9692389369010925,0.998125433921814,0.984379231929779,0.99822998046875,0.11316752433776855
0004271.jpg,0.9672715067863464,0.9967743158340454,0.9833635091781616,0.9970550537109375,0.11709701269865036
0003176.jpg,0.9478047490119934,0.9942724108695984,0.9732030034065247,0.99481201171875,0.12216855585575104
0007557.jpg,0.9479213356971741,0.9941405057907104,0.9732645153999329,0.9947052001953125,0.127699077129364
0001683.jpg,0.9565894603729248,0.996321439743042,0.9778131246566772,0.9965972900390625,0.11793643236160278
0006671.jpg,0.9513221383094788,0.9987334609031677,0.9750539064407349,0.9987640380859375,0.10989154130220413
0005028.jpg,0.8765639662742615,0.9891358017921448,0.9342222809791565,0.9899139404296875,0.1298859715461731
0001411.jpg,0.9561346769332886,0.9954552054405212,0.9775754809379578,0.9958648681640625,0.12191988527774811
0006190.jpg,0.9717127680778503,0.9969300031661987,0.9856534600257874,0.997222900390625,0.11798343807458878
0010386.jpg,0.9604202508926392,0.9973703622817993,0.9798105955123901,0.997528076171875,0.11344588547945023
0007743.jpg,0.9513137340545654,0.9969438910484314,0.9750494956970215,0.9971160888671875,0.11801845580339432
0002990.jpg,0.9600344300270081,0.9924677610397339,0.9796097278594971,0.993621826171875,0.13065531849861145
0005001.jpg,0.9657017588615417,0.9977097511291504,0.9825516939163208,0.9978485107421875,0.113949254155159
0010644.jpg,0.9685162901878357,0.9969817399978638,0.9840063452720642,0.9972381591796875,0.1173141598701477
0002568.jpg,0.9677660465240479,0.9955159425735474,0.983618974685669,0.9960479736328125,0.12246887385845184
0004981.jpg,0.9026914834976196,0.9978047013282776,0.9488574266433716,0.9978485107421875,0.10962225496768951
0009732.jpg,0.9604316353797913,0.9984318614006042,0.9798164963722229,0.9984893798828125,0.11229073256254196
0010054.jpg,0.9774098992347717,0.9978118538856506,0.9885759353637695,0.9980010986328125,0.11749722808599472
0003807.jpg,0.9627110362052917,0.9976018667221069,0.9810012578964233,0.99774169921875,0.11289173364639282
0002476.jpg,0.96809983253479,0.9960721135139465,0.9837914109230042,0.996490478515625,0.11990559101104736
0007195.jpg,0.9580559134483337,0.9969127178192139,0.9785786867141724,0.9971160888671875,0.11643646657466888
0006739.jpg,0.9633722305297852,0.9970572590827942,0.98134446144104,0.9972686767578125,0.11548343300819397
0007446.jpg,0.9639001488685608,0.9945659637451172,0.9816182851791382,0.9952545166015625,0.12420357018709183
0011239.jpg,0.9448390007019043,0.9962141513824463,0.9716372489929199,0.9964447021484375,0.11788731068372726
0004547.jpg,0.9523571729660034,0.9934024214744568,0.9755972623825073,0.994171142578125,0.1230785995721817
0008577.jpg,0.9663720726966858,0.9974448680877686,0.982898473739624,0.99761962890625,0.11582015454769135
0009157.jpg,0.9667021036148071,0.9950827360153198,0.9830691814422607,0.995697021484375,0.12244179844856262
0004025.jpg,0.9385693669319153,0.9951133728027344,0.9683113694190979,0.995452880859375,0.11882229149341583
0001698.jpg,0.9677419066429138,0.9976651668548584,0.9836065769195557,0.9978179931640625,0.11502712965011597
0005916.jpg,0.9500856995582581,0.9961866140365601,0.9744040369987488,0.9964447021484375,0.1172427386045456
0006536.jpg,0.9499822854995728,0.997756838798523,0.9743496179580688,0.9978485107421875,0.11222244799137115
0004702.jpg,0.906507670879364,0.9873780012130737,0.9509614706039429,0.9887542724609375,0.1329023540019989
0010103.jpg,0.9609561562538147,0.9976258873939514,0.9800893664360046,0.9977569580078125,0.11486708372831345
0001487.jpg,0.9661266803741455,0.9947551488876343,0.9827715158462524,0.9954376220703125,0.12920334935188293
0011370.jpg,0.8572551012039185,0.9912468194961548,0.9231420159339905,0.9916839599609375,0.12650281190872192
0007055.jpg,0.9652333855628967,0.9943310022354126,0.9823091626167297,0.9951019287109375,0.12682831287384033
0000558.jpg,0.9119259715080261,0.9866036772727966,0.953934371471405,0.9882354736328125,0.14483490586280823
0006862.jpg,0.9571694731712341,0.9977902770042419,0.9781160950660706,0.997894287109375,0.11203980445861816
0002561.jpg,0.96975177526474,0.9956339597702026,0.9846436381340027,0.9961700439453125,0.12250374257564545
0004554.jpg,0.9561370015144348,0.9941116571426392,0.977576732635498,0.994781494140625,0.12207012623548508
0009245.jpg,0.9551100134849548,0.9957940578460693,0.977039635181427,0.9961395263671875,0.1196911484003067
0001668.jpg,0.9635565280914307,0.9972852468490601,0.9814400672912598,0.997467041015625,0.11595974117517471
0002234.jpg,0.9204169511795044,0.991979718208313,0.958559513092041,0.9926605224609375,0.12869641184806824
0009808.jpg,0.8676470518112183,0.9974873661994934,0.9291338324546814,0.997528076171875,0.11790873110294342
0007691.jpg,0.9672966599464417,0.9974746108055115,0.9833765029907227,0.997650146484375,0.11811109632253647
0005678.jpg,0.9714666604995728,0.9982712268829346,0.9855268597602844,0.9983673095703125,0.11263769119977951
0002975.jpg,0.9588178396224976,0.9923617243766785,0.9789760112762451,0.9935150146484375,0.12967875599861145
0002202.jpg,0.9530791640281677,0.9948787689208984,0.9759759902954102,0.995361328125,0.12231728434562683
0000057.jpg,0.7617800831794739,0.9839416146278381,0.8647845387458801,0.9847259521484375,0.14225009083747864
0006544.jpg,0.965455174446106,0.9984726309776306,0.9824240207672119,0.99853515625,0.11033971607685089
0004631.jpg,0.9507228136062622,0.9946650862693787,0.9747390151023865,0.9951629638671875,0.12188422679901123
0000826.jpg,0.8494453430175781,0.9824782013893127,0.9185946583747864,0.9840545654296875,0.1415870189666748
0002892.jpg,0.8548609614372253,0.9879740476608276,0.9217520952224731,0.98876953125,0.14224469661712646
0006251.jpg,0.6088692545890808,0.9552280306816101,0.7568908929824829,0.9581451416015625,0.2308407425880432
0000339.jpg,0.9275873899459839,0.9889177083969116,0.9624335765838623,0.99029541015625,0.1369118094444275
0008379.jpg,0.9687327742576599,0.9938184022903442,0.9841181039810181,0.99481201171875,0.13213805854320526
0009168.jpg,0.9656387567520142,0.9945039749145508,0.9825190305709839,0.9952392578125,0.12748019397258759
0005075.jpg,0.9741567373275757,0.9974218010902405,0.9869092106819153,0.997650146484375,0.11691746115684509
0005268.jpg,0.9402852058410645,0.9978873133659363,0.96922367811203,0.997955322265625,0.11109915375709534
0001702.jpg,0.9453125,0.9958810210227966,0.9718875288963318,0.99615478515625,0.11911914497613907
0001423.jpg,0.9390918016433716,0.9912160634994507,0.9685893058776855,0.9922637939453125,0.13212889432907104
0003699.jpg,0.9345422387123108,0.9976664781570435,0.966163694858551,0.99774169921875,0.11029013991355896
0011820.jpg,0.9580556750297546,0.9964714646339417,0.9785785675048828,0.996734619140625,0.11808930337429047
0000592.jpg,0.9112292528152466,0.9770099520683289,0.9535530805587769,0.9813995361328125,0.1678154468536377
0002151.jpg,0.9194002151489258,0.9944166541099548,0.9580078125,0.9947509765625,0.11908642947673798
0002728.jpg,0.9737905859947205,0.9967890977859497,0.9867212772369385,0.99713134765625,0.1201694905757904
0006643.jpg,0.8346627950668335,0.9927886724472046,0.9098814129829407,0.9930419921875,0.12406536936759949
0009862.jpg,0.9640219211578369,0.9975442886352539,0.9816814064979553,0.9976959228515625,0.11555302888154984
0001133.jpg,0.850344717502594,0.9813151955604553,0.9191203117370605,0.9831085205078125,0.14949437975883484
0006743.jpg,0.9463295340538025,0.9960501790046692,0.9724248051643372,0.996307373046875,0.11622762680053711
0007278.jpg,0.9565637111663818,0.9937508702278137,0.9777997136116028,0.9945068359375,0.12876452505588531
0001134.jpg,0.8284366726875305,0.9785650372505188,0.9061693549156189,0.9805755615234375,0.1549750566482544
0009809.jpg,0.7369155883789062,0.9941532015800476,0.848533570766449,0.9942474365234375,0.12363067269325256
0003539.jpg,0.9496170878410339,0.9958897829055786,0.9741575121879578,0.996185302734375,0.11919960379600525
0002678.jpg,0.9431625604629517,0.9944145083427429,0.9707500338554382,0.9948883056640625,0.1198042780160904
0006118.jpg,0.9658483266830444,0.9938148856163025,0.9826275110244751,0.9947357177734375,0.1268182098865509
0000505.jpg,0.9647870659828186,0.9948455691337585,0.982077956199646,0.9954833984375,0.1260005235671997
0006117.jpg,0.9689174890518188,0.9942617416381836,0.9842134118080139,0.9951324462890625,0.12647685408592224
0010244.jpg,0.9217877388000488,0.997356653213501,0.9593023061752319,0.9974365234375,0.11109979450702667
0010601.jpg,0.9818909764289856,0.9982636570930481,0.9908627867698669,0.9984130859375,0.11586354672908783
0002829.jpg,0.9249373078346252,0.984821617603302,0.9610050916671753,0.987213134765625,0.1420116126537323
0007995.jpg,0.9365773797035217,0.9962646961212158,0.9672501683235168,0.9964599609375,0.1154295802116394
0009136.jpg,0.9575299024581909,0.9941834211349487,0.9783042669296265,0.9948577880859375,0.12186207622289658
0010475.jpg,0.959522545337677,0.9960992932319641,0.9793432354927063,0.996429443359375,0.11798974871635437
0009264.jpg,0.9308093786239624,0.9948088526725769,0.9641649723052979,0.995147705078125,0.11954514682292938
0008156.jpg,0.9617339372634888,0.99794602394104,0.9804937243461609,0.998046875,0.11324591189622879
0003789.jpg,0.954559326171875,0.9976124167442322,0.976751446723938,0.9977264404296875,0.11334317922592163
0011798.jpg,0.9629715085029602,0.9973756670951843,0.9811365008354187,0.9975433349609375,0.11549748480319977
0004749.jpg,0.9657279253005981,0.9961053133010864,0.98256516456604,0.996490478515625,0.11765501648187637
0011367.jpg,0.8093855977058411,0.9873291254043579,0.8946524262428284,0.98797607421875,0.13393692672252655
0011109.jpg,0.9591896533966064,0.9977677464485168,0.9791697859764099,0.9978790283203125,0.11484961211681366
0007643.jpg,0.9575471878051758,0.9973821043968201,0.9783132672309875,0.997528076171875,0.11566765606403351
0006005.jpg,0.922041118144989,0.9946457147598267,0.9594395160675049,0.994964599609375,0.11804568022489548
0006275.jpg,0.9146901965141296,0.9923382997512817,0.9554445743560791,0.992919921875,0.12503251433372498
0010272.jpg,0.90700763463974,0.9955417513847351,0.9512364864349365,0.9957275390625,0.1170632392168045
0003882.jpg,0.965769350528717,0.9965507984161377,0.9825866222381592,0.996856689453125,0.1168915182352066
0001219.jpg,0.9352952837944031,0.988129734992981,0.9665659666061401,0.9898681640625,0.13840673863887787
0007891.jpg,0.970130205154419,0.9981048107147217,0.9848386645317078,0.9982147216796875,0.11494884639978409
0006276.jpg,0.8985134959220886,0.9908806085586548,0.9465442299842834,0.9915618896484375,0.12888596951961517
0007709.jpg,0.9329660534858704,0.99524986743927,0.9653206467628479,0.99554443359375,0.12266451865434647
0005436.jpg,0.9488360285758972,0.9967651963233948,0.9737464189529419,0.9969482421875,0.11443310976028442
0010549.jpg,0.9691991806030273,0.9977973103523254,0.9843587279319763,0.9979400634765625,0.11454396694898605
0002292.jpg,0.9392966032028198,0.9940147995948792,0.9686982035636902,0.9945220947265625,0.1230069249868393
0000829.jpg,0.8602288961410522,0.9835861921310425,0.9248635172843933,0.9850921630859375,0.144515722990036
0010954.jpg,0.9475834965705872,0.9950999021530151,0.973086416721344,0.9954986572265625,0.12002319097518921
0000899.jpg,0.8821819424629211,0.9885883927345276,0.9374035000801086,0.9894866943359375,0.13251900672912598
0004512.jpg,0.9578425884246826,0.994604229927063,0.9784674048423767,0.9951934814453125,0.12159618735313416
0002096.jpg,0.9118363261222839,0.9941416382789612,0.9538853764533997,0.994476318359375,0.12217941880226135
0005258.jpg,0.9341850280761719,0.9973068237304688,0.9659727811813354,0.997406005859375,0.11236432194709778
0009793.jpg,0.8966049551963806,0.997918426990509,0.9454841613769531,0.997955322265625,0.110945925116539
0004556.jpg,0.9751782417297363,0.996766984462738,0.987433135509491,0.99713134765625,0.11917237937450409
0009870.jpg,0.9699945449829102,0.998225212097168,0.9847687482833862,0.998321533203125,0.11426132917404175
0010500.jpg,0.969664454460144,0.9981752038002014,0.9845986366271973,0.9982757568359375,0.112419493496418
0011962.jpg,0.9496594667434692,0.994249165058136,0.9741798043251038,0.99481201171875,0.1254553198814392
0008455.jpg,0.958707332611084,0.9969965815544128,0.9789184331893921,0.9971923828125,0.11862312257289886
0010658.jpg,0.9735063314437866,0.9975916743278503,0.9865753054618835,0.9977874755859375,0.11638176441192627
0003264.jpg,0.9632603526115417,0.9947586059570312,0.9812864065170288,0.995391845703125,0.12841591238975525
0009049.jpg,0.9504433870315552,0.9969301223754883,0.9745921492576599,0.997100830078125,0.11351167410612106
0009891.jpg,0.8708053827285767,0.9912928342819214,0.9309417009353638,0.9917755126953125,0.1317952573299408
0008633.jpg,0.9426751732826233,0.9927790760993958,0.9704918265342712,0.9935455322265625,0.1275060772895813
0002494.jpg,0.9638792872428894,0.9963311553001404,0.9816074371337891,0.9966583251953125,0.11761325597763062
0006169.jpg,0.9550269842147827,0.996296763420105,0.9769962430000305,0.9965667724609375,0.1172550618648529
0002662.jpg,0.9391161799430847,0.9970319271087646,0.9686022996902466,0.997161865234375,0.11303744465112686
0011430.jpg,0.9493868947029114,0.9968657493591309,0.9740363955497742,0.997039794921875,0.12027362734079361
0011896.jpg,0.9388665556907654,0.995532214641571,0.968469500541687,0.995819091796875,0.12188412249088287
0002346.jpg,0.9561253786087036,0.9961819648742676,0.977570652961731,0.9964752197265625,0.1174607127904892
0001625.jpg,0.9478487372398376,0.9967690110206604,0.9732262492179871,0.9969482421875,0.11601224541664124
0003098.jpg,0.7835566401481628,0.9674943685531616,0.878645122051239,0.970916748046875,0.19156047701835632
0009369.jpg,0.966292142868042,0.9970186948776245,0.9828571677207947,0.99725341796875,0.11947780847549438
0009683.jpg,0.8670623302459717,0.9965040683746338,0.928798496723175,0.99658203125,0.11487270891666412
0006686.jpg,0.9152644276618958,0.9977973103523254,0.955757737159729,0.9978485107421875,0.1101304441690445
0005095.jpg,0.9506402611732483,0.9965502023696899,0.97469562292099,0.99676513671875,0.11458393931388855
0010183.jpg,0.8547986745834351,0.9875360131263733,0.9217158555984497,0.9883880615234375,0.14359277486801147
0007345.jpg,0.9170272946357727,0.9768515825271606,0.9567180275917053,0.9815673828125,0.15827056765556335
0002862.jpg,0.8147757053375244,0.9827104806900024,0.8979354500770569,0.9839324951171875,0.15530061721801758
0006121.jpg,0.9602356553077698,0.9932988286018372,0.9797145128250122,0.994232177734375,0.12689907848834991
0007293.jpg,0.9077901244163513,0.9934025406837463,0.9516666531562805,0.993804931640625,0.12349408119916916
0009169.jpg,0.9372130036354065,0.9896404147148132,0.9675890207290649,0.99102783203125,0.13259178400039673
0007687.jpg,0.9572310447692871,0.9968297481536865,0.9781482219696045,0.997039794921875,0.1188138872385025
0006415.jpg,0.9606814980506897,0.9965234398841858,0.9799465537071228,0.996795654296875,0.11652973294258118
0011853.jpg,0.9424787759780884,0.9952113032341003,0.9703876972198486,0.9955596923828125,0.12169236689805984
0000426.jpg,0.9252840876579285,0.9886731505393982,0.96119225025177,0.9900665283203125,0.1399562954902649
0002481.jpg,0.9728615880012512,0.9967455863952637,0.9862441420555115,0.9970855712890625,0.11844613403081894
0011108.jpg,0.9691935777664185,0.9983634948730469,0.9843558073043823,0.998443603515625,0.11423563212156296
0009827.jpg,0.9329692125320435,0.9956294894218445,0.9653223752975464,0.995880126953125,0.11905976384878159
0011539.jpg,0.969684362411499,0.9988449811935425,0.9846088886260986,0.9988861083984375,0.11059705168008804
0000107.jpg,0.9380141496658325,0.9946563839912415,0.9680157899856567,0.99505615234375,0.12338815629482269
0007201.jpg,0.9745932817459106,0.9976911544799805,0.9871332049369812,0.9978790283203125,0.11751369386911392
0001301.jpg,0.9678480625152588,0.9946290850639343,0.9836613535881042,0.9953765869140625,0.12789978086948395
0005515.jpg,0.9263480305671692,0.9927941560745239,0.9617660045623779,0.9933929443359375,0.12714651226997375
0008331.jpg,0.9463297724723816,0.9951825141906738,0.9724249243736267,0.9955596923828125,0.12170769274234772
0007453.jpg,0.9557541608810425,0.9928478598594666,0.9773765802383423,0.993804931640625,0.12827222049236298
0005623.jpg,0.9556346535682678,0.9969597458839417,0.9773140549659729,0.9971466064453125,0.11543531715869904
0010394.jpg,0.9671737551689148,0.9980133175849915,0.9833129644393921,0.9981231689453125,0.11274414509534836
0004741.jpg,0.981333315372467,0.9982504844665527,0.9905787110328674,0.9983978271484375,0.11522872745990753
0011011.jpg,0.9392405152320862,0.998115599155426,0.9686684012413025,0.9981689453125,0.11239888519048691
0010100.jpg,0.9631934762001038,0.997805655002594,0.9812517166137695,0.9979248046875,0.11474484950304031
0009499.jpg,0.9004471898078918,0.9931453466415405,0.9476161003112793,0.9935455322265625,0.12432254105806351
0008943.jpg,0.9509803652763367,0.9980193376541138,0.9748743772506714,0.9980926513671875,0.11078613996505737
0000996.jpg,0.9129385948181152,0.9875441789627075,0.9544881582260132,0.988983154296875,0.13628196716308594
0007952.jpg,0.9758862257003784,0.9980756640434265,0.9877959489822388,0.9982147216796875,0.11550183594226837
0010518.jpg,0.9408376812934875,0.996351420879364,0.9695171117782593,0.996551513671875,0.11606232821941376
0011615.jpg,0.926047682762146,0.9956560134887695,0.961604118347168,0.995880126953125,0.11963172256946564
0007661.jpg,0.922408938407898,0.9955496788024902,0.9596386551856995,0.9957733154296875,0.12037493288516998
0002114.jpg,0.972528874874115,0.9982671737670898,0.9860731363296509,0.9983673095703125,0.11349231004714966
0007546.jpg,0.9619280099868774,0.9923313856124878,0.9805946350097656,0.9935760498046875,0.13326556980609894
0009568.jpg,0.9704235196113586,0.9971829056739807,0.9849897623062134,0.9974212646484375,0.11776942014694214
0003199.jpg,0.9406071305274963,0.9931497573852539,0.9693946838378906,0.9938201904296875,0.12552937865257263
0007120.jpg,0.9617510437965393,0.9971725344657898,0.9805026650428772,0.9973602294921875,0.11775967478752136
0009128.jpg,0.9585331678390503,0.9949948787689209,0.9788275957107544,0.995513916015625,0.12078909575939178
0008436.jpg,0.8949363827705383,0.9937651753425598,0.9445555806159973,0.99407958984375,0.12357307970523834
0007298.jpg,0.9189189076423645,0.9945567846298218,0.9577465057373047,0.994873046875,0.12130352854728699
0004494.jpg,0.9457164406776428,0.993962824344635,0.9721009731292725,0.994537353515625,0.12476231902837753
0007332.jpg,0.933638870716095,0.9869195818901062,0.965680718421936,0.98895263671875,0.1414300501346588
0002052.jpg,0.9213446378707886,0.9961571097373962,0.9590623378753662,0.9963226318359375,0.11559619009494781
0005782.jpg,0.9587434530258179,0.9947625398635864,0.9789372086524963,0.995330810546875,0.12157310545444489
0010473.jpg,0.9540666341781616,0.9955675005912781,0.9764934778213501,0.995941162109375,0.11805810034275055
0006126.jpg,0.9639274477958679,0.9940181374549866,0.98163241147995,0.994842529296875,0.12364703416824341
0002134.jpg,0.9566376209259033,0.9970935583114624,0.9778382778167725,0.9972686767578125,0.1151365414261818
0004197.jpg,0.983279824256897,0.9983420968055725,0.991569459438324,0.9984893798828125,0.1159190833568573
0002521.jpg,0.9600421786308289,0.9947988390922546,0.9796137809753418,0.9953765869140625,0.12148869037628174
0008404.jpg,0.8419892191886902,0.9896133542060852,0.9142172932624817,0.9901580810546875,0.13468675315380096
0010368.jpg,0.9546095132827759,0.9974095225334167,0.9767777323722839,0.9975433349609375,0.11240176856517792
0005978.jpg,0.9445462822914124,0.9938840270042419,0.9714824557304382,0.9944610595703125,0.12634539604187012
0011725.jpg,0.9642019867897034,0.9972463846206665,0.9817748069763184,0.9974365234375,0.11724426597356796
0010584.jpg,0.9598222374916077,0.9962419271469116,0.9794992804527283,0.996551513671875,0.12047620117664337
0010292.jpg,0.9437254071235657,0.9967836141586304,0.9710480570793152,0.9969482421875,0.11356057971715927
0009679.jpg,0.9690164923667908,0.9962873458862305,0.9842644929885864,0.996673583984375,0.12061367183923721
0000875.jpg,0.8281474113464355,0.9821529388427734,0.9059963226318359,0.9835662841796875,0.15782608091831207
0007658.jpg,0.9201635122299194,0.9952862858772278,0.9584220051765442,0.9955291748046875,0.11947789043188095
0001815.jpg,0.9362003803253174,0.9978758692741394,0.9670490622520447,0.9979400634765625,0.10965041816234589
0001109.jpg,0.9525699019432068,0.985063374042511,0.9757089018821716,0.9885101318359375,0.14812396466732025
0006757.jpg,0.9232704639434814,0.9950699806213379,0.9601046442985535,0.9953460693359375,0.12003979831933975
0002492.jpg,0.9572581648826599,0.9954613447189331,0.978162407875061,0.995880126953125,0.11891844868659973
0007688.jpg,0.9448215365409851,0.9958837628364563,0.9716280102729797,0.99615478515625,0.12088117003440857
0003946.jpg,0.9157180786132812,0.994364857673645,0.9560050368309021,0.99468994140625,0.11841361224651337
0002275.jpg,0.9688433408737183,0.9962708353996277,0.9841751456260681,0.9966583251953125,0.11963716149330139
0003581.jpg,0.9711388349533081,0.9982039332389832,0.9853581190109253,0.9983062744140625,0.11250296235084534
0011954.jpg,0.961105227470398,0.9963212609291077,0.9801669120788574,0.9966278076171875,0.12124265730381012
0002033.jpg,0.8299748301506042,0.9891550540924072,0.9070887565612793,0.9897003173828125,0.1331166923046112
0003948.jpg,0.936260998249054,0.9958903193473816,0.9670813679695129,0.996124267578125,0.1164090633392334
0011996.jpg,0.97573322057724,0.9976812601089478,0.9877175688743591,0.9978790283203125,0.11768562346696854
0006836.jpg,0.9531392455101013,0.9983764290809631,0.9760074615478516,0.9984283447265625,0.11075568199157715
0001949.jpg,0.88870769739151,0.9956910014152527,0.9410749077796936,0.9958343505859375,0.11454285681247711
0003149.jpg,0.9369487762451172,0.9944502115249634,0.9674481749534607,0.994873046875,0.12023600190877914
0010126.jpg,0.9638341665267944,0.9980243444442749,0.9815840721130371,0.9981231689453125,0.1137976348400116
0007681.jpg,0.9462318420410156,0.9960157871246338,0.9723731875419617,0.99627685546875,0.12044741213321686
0001644.jpg,0.9516088366508484,0.9969083666801453,0.9752044677734375,0.9970855712890625,0.11548774689435959
0004615.jpg,0.8944661021232605,0.9886785745620728,0.9442936182022095,0.9896697998046875,0.13045349717140198
0008862.jpg,0.949802815914154,0.9953517913818359,0.9742552638053894,0.9957275390625,0.11838589608669281
0005161.jpg,0.9130899906158447,0.9857556223869324,0.9545708894729614,0.98760986328125,0.1407327651977539
0005130.jpg,0.9539867043495178,0.9953673481941223,0.976451575756073,0.9957733154296875,0.1192229837179184
0010319.jpg,0.9686883091926575,0.9982126355171204,0.9840951561927795,0.9983062744140625,0.11226437985897064
0004735.jpg,0.9700822830200195,0.9973487257957458,0.9848139882087708,0.99755859375,0.11576030403375626
0008276.jpg,0.9289597868919373,0.9935110211372375,0.9631717205047607,0.9940185546875,0.12319451570510864
0002887.jpg,0.8212551474571228,0.9836966395378113,0.9018562436103821,0.984832763671875,0.1513216197490692
0011300.jpg,0.2815006375312805,0.9123421907424927,0.43932971358299255,0.915252685546875,0.28177928924560547
0006492.jpg,0.9435946345329285,0.9951320886611938,0.970978856086731,0.9954986572265625,0.11954741179943085
0010083.jpg,0.9392798542976379,0.995807945728302,0.9686893224716187,0.996063232421875,0.11771474033594131
0001745.jpg,0.9621193408966064,0.9975182414054871,0.9806939959526062,0.9976654052734375,0.11378957331180573
0005759.jpg,0.9524377584457397,0.9953460693359375,0.9756395816802979,0.9957427978515625,0.11942311376333237
0002819.jpg,0.9304398894309998,0.9897055625915527,0.9639667272567749,0.9909515380859375,0.13516497611999512
0008767.jpg,0.9504624605178833,0.9960434436798096,0.9746021628379822,0.9963226318359375,0.1166650801897049
0001108.jpg,0.9420547485351562,0.9820150136947632,0.9701629281044006,0.986083984375,0.15358857810497284
0004675.jpg,0.951267659664154,0.9945840835571289,0.9750252962112427,0.9951019287109375,0.1219317615032196
0000105.jpg,0.9119318127632141,0.9917880892753601,0.9539375901222229,0.992431640625,0.12663525342941284
0009650.jpg,0.9649693369865417,0.9951576590538025,0.982172429561615,0.9957275390625,0.12159799039363861
0002142.jpg,0.9437664747238159,0.9961845874786377,0.9710698127746582,0.9964141845703125,0.11610518395900726
0004477.jpg,0.9780727028846741,0.9981141686439514,0.9889148473739624,0.998260498046875,0.11486046016216278
0011205.jpg,0.937560498714447,0.9958158731460571,0.9677741527557373,0.996063232421875,0.11922325193881989
0001658.jpg,0.9476354718208313,0.9957612752914429,0.9731137752532959,0.996063232421875,0.11927363276481628
0010813.jpg,0.954211413860321,0.9987313747406006,0.9765692949295044,0.9987640380859375,0.10878235101699829
0008267.jpg,0.9740873575210571,0.9977312684059143,0.9868736267089844,0.9979095458984375,0.1172344908118248
0000597.jpg,0.9278069138526917,0.9796056151390076,0.9625517129898071,0.9838409423828125,0.16530254483222961
0008172.jpg,0.9476987719535828,0.9980243444442749,0.9731471538543701,0.9980926513671875,0.11152718961238861
0005328.jpg,0.9239171147346497,0.9967978596687317,0.9604541659355164,0.996917724609375,0.11356470733880997
0011973.jpg,0.5516723394393921,0.9465972781181335,0.7110680937767029,0.94989013671875,0.27262014150619507
0010216.jpg,0.9319944977760315,0.9976533055305481,0.9648003578186035,0.9977264404296875,0.11078593879938126
0006426.jpg,0.9552152156829834,0.9961887001991272,0.9770947098731995,0.9964752197265625,0.1162816658616066
0001175.jpg,0.9023240804672241,0.9774512052536011,0.9486544132232666,0.9813385009765625,0.16647273302078247
0008713.jpg,0.9499009251594543,0.9971534013748169,0.9743068814277649,0.9972991943359375,0.11375301331281662
0002794.jpg,0.9808993935585022,0.9978479743003845,0.9903575778007507,0.9980621337890625,0.1174718514084816
0002178.jpg,0.9484713077545166,0.9950011372566223,0.9735543131828308,0.99542236328125,0.12011931836605072
0000275.jpg,0.9291414022445679,0.9925645589828491,0.9632693529129028,0.99322509765625,0.1277884691953659
0000596.jpg,0.9420881271362305,0.983879029750824,0.9701806306838989,0.9872283935546875,0.15547537803649902
0004483.jpg,0.958183765411377,0.9961293935775757,0.978645384311676,0.9964447021484375,0.11979243159294128
0002927.jpg,0.964374840259552,0.9956127405166626,0.9818643927574158,0.9960784912109375,0.12084715068340302
0003555.jpg,0.9661186933517456,0.9972165822982788,0.9827674031257629,0.9974212646484375,0.11658678948879242
0002842.jpg,0.1925184279680252,0.9337539076805115,0.32287704944610596,0.934783935546875,0.32302626967430115
0007892.jpg,0.9673120379447937,0.9978926777839661,0.9833844304084778,0.998016357421875,0.11577068269252777
0001101.jpg,0.9137288928031921,0.9749609231948853,0.9549198746681213,0.9802093505859375,0.17497709393501282
0000764.jpg,0.9153408408164978,0.9902134537696838,0.955799400806427,0.99114990234375,0.13073046505451202
0002367.jpg,0.949937641620636,0.9946000576019287,0.9743261337280273,0.9951019287109375,0.12135127186775208
0002723.jpg,0.9636666178703308,0.9955280423164368,0.9814971685409546,0.996002197265625,0.12094853818416595
0002314.jpg,0.9463140964508057,0.9943821430206299,0.9724166393280029,0.9948883056640625,0.12356782704591751
0010268.jpg,0.9308890104293823,0.9966011047363281,0.9642077088356018,0.9967498779296875,0.11342082917690277
0005281.jpg,0.8869198560714722,0.9979220032691956,0.9400715827941895,0.997955322265625,0.10977913439273834
0003710.jpg,0.9235165119171143,0.9972570538520813,0.9602376818656921,0.997344970703125,0.11097261309623718
0002707.jpg,0.8108395338058472,0.9855802655220032,0.8955398797988892,0.986419677734375,0.1443943828344345
0007187.jpg,0.9207507967948914,0.9937828183174133,0.9587404727935791,0.99420166015625,0.12248052656650543
0009082.jpg,0.7491264343261719,0.9580922722816467,0.8565720915794373,0.9627532958984375,0.26556646823883057
0011322.jpg,0.410213828086853,0.9553020596504211,0.5817753672599792,0.9566497802734375,0.2022276371717453
0007246.jpg,0.9516509175300598,0.9966667294502258,0.9752265810966492,0.9968719482421875,0.11680687218904495
0001798.jpg,0.9706692695617676,0.9969603419303894,0.9851163625717163,0.9972381591796875,0.11961181461811066
0011004.jpg,0.8584568500518799,0.9956620931625366,0.9238383173942566,0.9957733154296875,0.11671285331249237
0005641.jpg,0.9726502895355225,0.9979363083839417,0.9861355423927307,0.998077392578125,0.1151474118232727
0007566.jpg,0.804529070854187,0.9670997858047485,0.8916776180267334,0.9710235595703125,0.22196650505065918
0000545.jpg,0.9080358147621155,0.9854852557182312,0.9518016576766968,0.9873046875,0.14652815461158752
0009338.jpg,0.8271470665931702,0.9815146923065186,0.905397355556488,0.9830169677734375,0.14569368958473206
0011061.jpg,0.9589942097663879,0.9983189702033997,0.9790679216384888,0.998382568359375,0.11234412342309952
0010299.jpg,0.9460031986236572,0.9967076778411865,0.9722524285316467,0.99688720703125,0.1138257160782814
0000905.jpg,0.8759816288948059,0.9859620332717896,0.9338914752006531,0.9872283935546875,0.13748876750469208
0009001.jpg,0.9307781457901001,0.9951567649841309,0.964148223400116,0.995452880859375,0.1182754710316658
0004757.jpg,0.9480840563774109,0.9943434596061707,0.9733502268791199,0.994873046875,0.1250743418931961
0011522.jpg,0.9434797167778015,0.9973552227020264,0.9709179997444153,0.997467041015625,0.11594050377607346
0000781.jpg,0.8644924163818359,0.9852229356765747,0.9273220300674438,0.9864959716796875,0.13746246695518494
0001750.jpg,0.9543891549110413,0.9967575073242188,0.9766623377799988,0.9969635009765625,0.11551280319690704
0007786.jpg,0.954958975315094,0.996684730052948,0.9769605994224548,0.9969024658203125,0.11801818758249283
0007479.jpg,0.9692285656929016,0.9963412880897522,0.9843738675117493,0.9967193603515625,0.121566541492939
0000003.jpg,0.8354023098945618,0.988433301448822,0.9103206396102905,0.98907470703125,0.12893642485141754
0001337.jpg,0.9454081654548645,0.9946479201316833,0.9719381332397461,0.9951019287109375,0.12253114581108093
0002379.jpg,0.9672368764877319,0.996160626411438,0.983345627784729,0.996551513671875,0.11912493407726288
0007074.jpg,0.9405354857444763,0.9969447255134583,0.9693566560745239,0.9970855712890625,0.11658626049757004
0003814.jpg,0.9712013602256775,0.9978038668632507,0.985390305519104,0.997955322265625,0.11375725269317627
0000315.jpg,0.9380924105644226,0.9929394125938416,0.9680574536323547,0.993621826171875,0.12869033217430115
0003453.jpg,0.9635416865348816,0.9985585808753967,0.9814323782920837,0.9986114501953125,0.110508032143116
0004897.jpg,0.9365155100822449,0.9907779693603516,0.9672171473503113,0.99188232421875,0.1285284161567688
0000134.jpg,0.9273999929428101,0.9940392971038818,0.9623326659202576,0.9944610595703125,0.12219911813735962
0002157.jpg,0.917996346950531,0.9933432936668396,0.9572451710700989,0.993804931640625,0.12330444157123566
0009233.jpg,0.9393284916877747,0.9949137568473816,0.9687151908874512,0.9952850341796875,0.12250056117773056
0007944.jpg,0.975273609161377,0.9979909062385559,0.9874820709228516,0.998138427734375,0.11608760058879852
0001527.jpg,0.959540605545044,0.991469144821167,0.979352593421936,0.9929046630859375,0.13817650079727173
0008423.jpg,0.8184679746627808,0.9889131188392639,0.9001731276512146,0.98944091796875,0.13800334930419922
0001531.jpg,0.9713125824928284,0.9943460822105408,0.9854475855827332,0.9952545166015625,0.1321960836648941
0010038.jpg,0.9555463194847107,0.996488094329834,0.9772679209709167,0.996734619140625,0.11789198219776154
